100 0.007370
101 0.007330
102 0.007310
103 0.008201
104 0.007434
105 0.007933
50 0.007735
51 0.008155
52 0.007434
53 0.007554
54 0.008093
55 0.007302
56 0.008494
57 0.007829
58 0.008740
59 0.008205
60 0.007334
61 0.007257
62 0.007908
63 0.006939
64 0.007991
65 0.008326
66 0.007793
67 0.007708
68 0.007553
69 0.007995
70 0.007730
71 0.007959
72 0.007932
73 0.007524
74 0.007482
75 0.008231
76 0.007980
77 0.008014
78 0.007231
79 0.007622
80 0.008409
81 0.007887
82 0.008180
83 0.008348
84 0.007042
85 0.007943
86 0.007586
87 0.008414
88 0.008704
89 0.009077
90 0.007526
91 0.007670
92 0.008079
93 0.008105
94 0.007973
95 0.008155
96 0.007851
97 0.007033
98 0.007815
99 0.007460
100 0.007701
101 0.007814
102 0.007745
103 0.007158
104 0.007166
105 0.007114
106 0.007240
107 0.008392
108 0.007273
109 0.006867
110 0.008975
111 0.007273
112 0.008182
113 0.007616
114 0.007119
115 0.007466
116 0.010620
117 0.009861
118 0.010200
119 0.008911
120 0.007116
121 0.007750
122 0.006982
123 0.007154
124 0.007681
125 0.007464
126 0.006859
127 0.006975
128 0.007773
129 0.007014
130 0.007163
131 0.006826
132 0.008013
133 0.007851
134 0.006545
135 0.007163
136 0.012951
137 0.010013
138 0.010013
139 0.007880
140 0.006766
141 0.007944
142 0.007745
143 0.007404
144 0.007996
145 0.007660
146 0.006970
147 0.007439
148 0.008666
149 0.007792
150 0.009446
151 0.008288
152 0.009937
153 0.008520
154 0.006914
155 0.007307
156 0.008074
157 0.007992
158 0.007786
159 0.007770
160 0.006923
161 0.008648
162 0.007416
163 0.008306
164 0.008416
165 0.009810
166 0.009923
167 0.008718
168 0.008448
169 0.007339
170 0.008543
171 0.008964
172 0.009897
173 0.008626
174 0.007395
175 0.007387
176 0.007667
177 0.007507
178 0.007956
179 0.008927
180 0.007950
181 0.007387
182 0.008234
183 0.008891
184 0.008730
185 0.009177
186 0.007891
187 0.007885
188 0.008185
189 0.009275
190 0.007930
191 0.007781
192 0.007925
193 0.007808
194 0.007886
195 0.007670
196 0.009092
197 0.008471
198 0.008386
199 0.009737
200 0.010197
