2 0.533945
3 0.465028
4 0.493386
5 0.462085
6 0.453764
7 0.433625
8 0.438740
9 0.434548
10 0.439085
11 0.427412
12 0.425054
13 0.433363
14 0.434387
15 0.447970
16 0.445325
17 0.427941
18 0.430360
19 0.435533
20 0.444332
21 0.450885
22 0.449967
23 0.443654
24 0.436684
25 0.463427
26 0.444428
27 0.460463
28 0.445677
29 0.449957
30 0.422635
31 0.458486
32 0.436414
33 0.410008
34 0.423125
35 0.456482
36 0.414799
37 0.434546
38 0.429700
39 0.397126
40 0.442216
41 0.411463
42 0.388527
43 0.450492
44 0.439418
45 0.397454
46 0.405873
47 0.423678
48 0.410773
49 0.392488
