5 0.234131
6 0.222893
7 0.225822
8 0.227875
9 0.218932
10 0.209668
11 0.217769
12 0.215283
13 0.213626
14 0.206791
15 0.218497
16 0.218171
17 0.221498
18 0.211958
19 0.212994
20 0.217370
21 0.217883
22 0.223552
23 0.216259
24 0.217653
25 0.210201
26 0.213868
27 0.218645
28 0.214638
29 0.217753
30 0.213143
31 0.220284
32 0.209815
33 0.206865
34 0.212952
35 0.208821
36 0.220698
37 0.210774
38 0.212717
39 0.215377
40 0.219600
41 0.217310
42 0.209500
43 0.214762
44 0.216620
45 0.206464
46 0.217534
47 0.216282
48 0.212081
49 0.212954
50 0.212142
51 0.213232
52 0.217835
53 0.209724
54 0.216029
55 0.208945
56 0.214657
57 0.216995
58 0.220219
59 0.212598
60 0.204497
61 0.208073
62 0.216688
63 0.219819
64 0.213737
65 0.217025
66 0.207293
67 0.219406
68 0.205148
69 0.209707
70 0.207595
71 0.209717
72 0.209602
73 0.217390
74 0.213773
75 0.208687
76 0.210840
77 0.214023
78 0.205814
79 0.204863
80 0.208158
81 0.217084
82 0.208310
83 0.215159
84 0.213520
85 0.209644
86 0.208595
87 0.205063
88 0.213209
89 0.204185
90 0.211672
91 0.210216
92 0.210369
93 0.211261
94 0.210460
95 0.215911
96 0.219120
97 0.216823
98 0.216588
99 0.211942
100 0.217119
101 0.212904
102 0.212012
103 0.215183
104 0.216019
105 0.210049
106 0.214275
107 0.212193
108 0.217230
109 0.205679
110 0.211377
111 0.209608
112 0.207573
113 0.217838
114 0.216919
115 0.217358
116 0.213393
117 0.211545
118 0.211457
119 0.214052
120 0.214636
121 0.210303
122 0.204285
123 0.203726
124 0.212951
125 0.214379
126 0.214688
127 0.210638
128 0.214831
129 0.218804
130 0.213763
131 0.217781
132 0.219970
133 0.215393
134 0.214701
135 0.215801
136 0.215544
137 0.213104
138 0.215278
139 0.215769
140 0.214166
141 0.210027
142 0.204500
143 0.216493
144 0.208184
145 0.214517
146 0.217705
147 0.213648
148 0.217753
149 0.217166
150 0.212668
151 0.217758
152 0.216250
153 0.217314
154 0.216255
155 0.218903
156 0.216688
157 0.212728
158 0.220163
159 0.214586
160 0.220784
161 0.216210
162 0.217659
163 0.218370
164 0.214387
165 0.217963
166 0.212754
167 0.210227
168 0.215335
169 0.218173
170 0.212400
171 0.210302
172 0.214910
173 0.209433
174 0.216734
175 0.214345
176 0.213763
177 0.214206
178 0.212519
179 0.210950
180 0.213232
181 0.215626
182 0.220657
183 0.218619
184 0.208347
185 0.216111
186 0.212449
187 0.213689
188 0.214817
189 0.213738
190 0.217187
191 0.215247
192 0.215505
193 0.211484
194 0.216210
195 0.208125
196 0.208796
197 0.215932
198 0.217795
199 0.221761
200 0.224181
201 0.214979
202 0.214735
203 0.213020
204 0.212865
205 0.216054
206 0.218684
207 0.217167
208 0.215397
209 0.210407
210 0.214615
211 0.214558
212 0.211838
213 0.222245
214 0.214331
215 0.215404
216 0.215906
217 0.212582
218 0.217432
219 0.216847
220 0.211920
221 0.210338
222 0.216919
223 0.218059
224 0.215416
225 0.211091
226 0.211056
227 0.218513
228 0.217387
229 0.225408
230 0.217226
231 0.212402
232 0.217575
233 0.207491
234 0.212128
235 0.210899
236 0.213727
237 0.213956
238 0.213929
239 0.211793
240 0.215061
241 0.218564
242 0.222498
243 0.217684
244 0.214600
245 0.215943
246 0.213968
247 0.214405
248 0.218609
249 0.212654
250 0.220972
251 0.222833
252 0.218877
253 0.214194
254 0.212573
255 0.219675
256 0.218977
257 0.221435
258 0.218620
259 0.217721
260 0.211962
261 0.216799
262 0.213448
263 0.221983
264 0.220573
265 0.219433
266 0.221671
267 0.225648
268 0.223832
269 0.216714
270 0.220146
271 0.206792
272 0.214528
273 0.208858
274 0.210808
275 0.216242
276 0.215109
277 0.212202
278 0.220013
279 0.218135
280 0.224263
281 0.214029
282 0.222007
283 0.221221
284 0.224483
285 0.215487
286 0.219020
287 0.219890
288 0.214215
289 0.221188
290 0.213485
291 0.215551
292 0.223549
293 0.223219
294 0.223831
295 0.222671
296 0.213418
297 0.217576
298 0.217271
299 0.215052
300 0.214753
301 0.221872
302 0.223534
303 0.224900
304 0.220264
305 0.218888
306 0.219500
307 0.224962
308 0.221831
309 0.222167
310 0.221614
311 0.221501
312 0.216608
313 0.219636
314 0.219402
315 0.217156
316 0.219257
317 0.221910
318 0.227913
319 0.226501
320 0.216093
321 0.221594
322 0.221745
323 0.222847
324 0.221484
325 0.222624
326 0.216366
327 0.219148
328 0.223857
329 0.224344
330 0.225509
331 0.222661
332 0.219810
333 0.216830
334 0.221586
335 0.220393
336 0.224464
337 0.219894
338 0.220580
339 0.219428
340 0.221426
341 0.221555
342 0.216547
343 0.217699
344 0.218029
345 0.218504
346 0.222870
347 0.221573
348 0.223530
349 0.214301
350 0.212791
351 0.222388
352 0.222693
353 0.227453
354 0.234694
355 0.221473
356 0.222829
357 0.234523
358 0.247585
359 0.224470
360 0.224382
361 0.212616
362 0.216991
363 0.218501
364 0.232466
365 0.236690
366 0.231667
367 0.224619
368 0.222459
369 0.227092
370 0.232942
371 0.234139
372 0.232347
373 0.232527
374 0.225944
375 0.230387
376 0.228429
377 0.224989
378 0.229751
379 0.226136
380 0.222209
381 0.223980
382 0.231940
383 0.221832
384 0.219636
385 0.219926
386 0.226412
387 0.227902
388 0.228075
389 0.227717
390 0.224213
391 0.230288
392 0.231690
393 0.222252
394 0.227641
395 0.225052
396 0.225209
397 0.226514
398 0.222865
399 0.224698
400 0.224893
401 0.223520
402 0.225038
403 0.225549
404 0.230930
405 0.227402
406 0.228255
407 0.223341
408 0.227029
409 0.218958
410 0.234477
411 0.228102
412 0.237130
413 0.233765
414 0.227889
415 0.231655
416 0.231920
417 0.227166
418 0.237078
419 0.222105
420 0.229290
421 0.229986
422 0.232526
423 0.225610
424 0.225884
425 0.233477
426 0.227164
427 0.229677
428 0.228386
429 0.232021
430 0.230644
431 0.232115
432 0.230882
433 0.225686
434 0.226483
435 0.229905
436 0.228496
437 0.233859
438 0.231410
439 0.234873
440 0.230920
441 0.234361
442 0.229824
443 0.236440
444 0.227945
445 0.236800
446 0.230007
447 0.229122
448 0.226687
449 0.226666
450 0.231411
451 0.238896
452 0.235119
453 0.238918
454 0.236377
455 0.240922
456 0.236107
457 0.230918
458 0.235101
459 0.232285
460 0.231005
461 0.237948
462 0.234792
463 0.236720
464 0.237176
465 0.233465
466 0.232846
467 0.229859
468 0.227760
469 0.236634
470 0.233021
471 0.235762
472 0.234092
473 0.229934
474 0.233493
475 0.232395
476 0.237742
477 0.236071
478 0.232416
479 0.238483
480 0.233848
481 0.235773
482 0.233486
483 0.234082
484 0.235575
485 0.238363
486 0.231855
487 0.235134
488 0.232690
489 0.240613
490 0.234977
491 0.235028
492 0.232762
493 0.235497
494 0.233139
495 0.240468
496 0.238581
497 0.234825
498 0.229558
499 0.231658
5 0.000549
6 0.000457
7 0.000495
8 0.000504
9 0.000509
10 0.000557
11 0.000546
12 0.000545
13 0.000576
14 0.000572
15 0.000556
16 0.001242
17 0.000546
18 0.000561
19 0.000573
20 0.000574
21 0.000595
22 0.000612
23 0.000734
24 0.000691
25 0.000885
26 0.000793
27 0.000710
28 0.000728
29 0.000740
30 0.000751
31 0.000741
32 0.000773
33 0.000823
34 0.000817
35 0.000822
36 0.001110
37 0.001012
38 0.000994
39 0.000975
40 0.001230
41 0.001229
42 0.001045
43 0.001076
44 0.001298
45 0.001494
46 0.001559
47 0.001489
48 0.001228
49 0.001600
50 0.001298
51 0.001175
52 0.001281
53 0.001194
54 0.001534
55 0.001675
56 0.001611
57 0.001262
58 0.001332
59 0.001426
60 0.001312
61 0.001503
62 0.001369
63 0.001355
64 0.001362
65 0.001415
66 0.001602
67 0.001556
68 0.001579
69 0.001685
70 0.001522
71 0.001626
72 0.001527
73 0.001546
74 0.001558
75 0.001538
76 0.001551
77 0.001687
78 0.001642
79 0.001564
80 0.001721
81 0.001611
82 0.001680
83 0.001662
84 0.001693
85 0.001784
86 0.001737
87 0.001731
88 0.002165
89 0.001783
90 0.001728
91 0.001850
92 0.001809
93 0.001838
94 0.001850
95 0.001956
96 0.001922
97 0.001913
98 0.002015
99 0.001922
100 0.001895
101 0.002403
102 0.001970
103 0.001985
104 0.001953
105 0.001977
106 0.002301
107 0.002072
108 0.002076
109 0.002117
110 0.002165
111 0.002087
112 0.002224
113 0.002148
114 0.003229
115 0.002228
116 0.002513
117 0.002161
118 0.002201
119 0.002140
120 0.002461
121 0.002151
122 0.002211
123 0.002192
124 0.002204
125 0.002244
126 0.002439
127 0.002366
128 0.002413
129 0.002468
130 0.002434
131 0.002439
132 0.002500
133 0.002481
134 0.003022
135 0.002538
136 0.002610
137 0.002639
138 0.002688
139 0.003330
140 0.002786
141 0.002714
142 0.002678
143 0.002695
144 0.002814
145 0.002745
146 0.002742
147 0.002826
148 0.002828
149 0.002837
150 0.002905
151 0.002885
152 0.003142
153 0.002896
154 0.002888
155 0.003014
156 0.003167
157 0.003034
158 0.003038
159 0.003158
160 0.003128
161 0.003094
162 0.004119
163 0.003151
164 0.003389
165 0.003198
166 0.003148
167 0.003211
168 0.003244
169 0.003206
170 0.003485
171 0.003812
172 0.003439
173 0.003351
174 0.003332
175 0.003708
176 0.003658
177 0.003513
178 0.003554
179 0.003714
180 0.003700
181 0.004213
182 0.003880
183 0.003717
184 0.003629
185 0.003868
186 0.003593
187 0.003694
188 0.003679
189 0.003664
190 0.003732
191 0.003841
192 0.003789
193 0.003792
194 0.003793
195 0.003799
196 0.003847
197 0.003966
198 0.004935
199 0.003822
200 0.004530
201 0.004039
202 0.004653
203 0.004082
204 0.004207
205 0.004074
206 0.004112
207 0.004054
208 0.004096
209 0.004122
210 0.004069
211 0.004150
212 0.004312
213 0.004600
214 0.004147
215 0.004240
216 0.004175
217 0.004197
218 0.004095
219 0.004092
220 0.004207
221 0.004210
222 0.004242
223 0.004671
224 0.004303
225 0.004364
226 0.004426
227 0.004277
228 0.004832
229 0.005780
230 0.004574
231 0.004441
232 0.004484
233 0.004548
234 0.004527
235 0.004526
236 0.004700
237 0.004511
238 0.004575
239 0.004807
240 0.004959
241 0.004675
242 0.004906
243 0.004639
244 0.004780
245 0.004784
246 0.004809
247 0.004738
248 0.004782
249 0.005324
250 0.004862
251 0.004815
252 0.004922
253 0.004854
254 0.004861
255 0.004875
256 0.005341
257 0.005008
258 0.004892
259 0.005208
260 0.005126
261 0.005390
262 0.005437
263 0.005045
264 0.005487
265 0.005391
266 0.005379
267 0.005187
268 0.005438
269 0.005476
270 0.005560
271 0.005316
272 0.005388
273 0.005576
274 0.005383
275 0.005424
276 0.005572
277 0.005411
278 0.005846
279 0.005434
280 0.006813
281 0.005872
282 0.005795
283 0.005493
284 0.005648
285 0.005890
286 0.005595
287 0.005729
288 0.006192
289 0.005554
290 0.005926
291 0.005868
292 0.005806
293 0.005797
294 0.005984
295 0.005875
296 0.005879
297 0.006052
298 0.006325
299 0.005844
300 0.005993
301 0.005851
302 0.006398
303 0.007256
304 0.005881
305 0.005926
306 0.006479
307 0.005923
308 0.006511
309 0.006129
310 0.006179
311 0.006895
312 0.006146
313 0.006132
314 0.006070
315 0.006488
316 0.006802
317 0.007164
318 0.006923
319 0.006876
320 0.006591
321 0.006451
322 0.006414
323 0.006578
324 0.007413
325 0.006560
326 0.006605
327 0.006509
328 0.006411
329 0.006733
330 0.006638
331 0.006447
332 0.007211
333 0.007060
334 0.006752
335 0.006613
336 0.009325
337 0.006954
338 0.006650
339 0.006787
340 0.007616
341 0.007448
342 0.006744
343 0.007819
344 0.006767
345 0.006737
346 0.006754
347 0.007287
348 0.007185
349 0.007010
350 0.007018
351 0.007064
352 0.007100
353 0.007578
354 0.007152
355 0.007027
356 0.007033
357 0.007511
358 0.006841
359 0.007365
360 0.007246
361 0.007686
362 0.008294
363 0.007388
364 0.007603
365 0.007123
366 0.007448
367 0.007346
368 0.007562
369 0.007888
370 0.007159
371 0.007475
372 0.007256
373 0.007358
374 0.007361
375 0.007540
376 0.007885
377 0.007592
378 0.007696
379 0.007522
380 0.008669
381 0.007649
382 0.007730
383 0.007820
384 0.007827
385 0.007903
386 0.007698
387 0.007615
388 0.007804
389 0.007814
390 0.007868
391 0.007832
392 0.008202
393 0.007932
394 0.007775
395 0.007848
396 0.008204
397 0.008697
398 0.007815
399 0.007707
400 0.007973
401 0.008044
402 0.007979
403 0.008318
404 0.007945
405 0.008068
406 0.008125
407 0.008298
408 0.008240
409 0.008528
410 0.009130
411 0.008830
412 0.008758
413 0.009685
414 0.008650
415 0.008701
416 0.008817
417 0.008408
418 0.009059
419 0.008430
420 0.009019
421 0.008182
422 0.010257
423 0.008751
424 0.008690
425 0.008506
426 0.008635
427 0.008680
428 0.009672
429 0.008678
430 0.008424
431 0.008618
432 0.008617
433 0.008527
434 0.008604
435 0.009171
436 0.008513
437 0.008872
438 0.008873
439 0.008675
440 0.008977
441 0.008817
442 0.009088
443 0.010668
444 0.008783
445 0.008935
446 0.009150
447 0.008929
448 0.009109
449 0.009090
450 0.009515
451 0.009241
452 0.008865
453 0.008755
454 0.009641
455 0.009166
456 0.008989
457 0.009072
458 0.010064
459 0.009379
460 0.009592
461 0.008988
462 0.009232
463 0.009227
464 0.009483
465 0.009755
466 0.009468
467 0.009063
468 0.009550
469 0.009480
470 0.009633
471 0.009401
472 0.010084
473 0.008917
474 0.008989
475 0.008813
476 0.009610
477 0.009191
478 0.009044
479 0.009059
480 0.008898
481 0.009628
482 0.009337
483 0.009338
484 0.009589
485 0.009128
486 0.010435
487 0.009351
488 0.009214
489 0.009130
490 0.009486
491 0.011153
492 0.010804
493 0.009912
494 0.009750
495 0.009558
496 0.009602
497 0.009932
498 0.009626
499 0.011626
