5 3.325136
6 3.526573
7 3.666600
8 3.465777
9 3.398466
10 3.440291
11 3.465295
12 3.469583
13 3.593915
14 3.540420
15 3.468594
16 3.549587
17 3.451035
18 3.467126
19 3.614513
20 3.490750
21 3.586271
22 3.544179
23 3.567565
24 3.536961
25 3.548478
26 3.566628
27 3.457731
28 3.607104
29 3.609082
30 3.537923
31 3.582114
32 3.581046
33 3.562608
34 3.589656
35 3.635010
36 3.660139
37 3.540077
38 3.528450
39 3.675393
40 3.647285
41 3.558666
42 3.576397
43 3.627765
44 3.645098
45 3.641226
46 3.602992
47 3.708245
48 3.680175
49 3.667667
50 3.617847
51 3.389877
52 3.653776
53 3.382202
54 3.456524
55 3.653043
56 3.564596
57 3.566417
58 3.577505
59 3.668429
60 3.660767
61 3.638120
62 3.624196
63 3.660724
64 3.671152
65 3.684549
66 3.609726
67 3.649753
68 3.695253
69 3.516372
70 3.695719
71 3.663374
72 3.642171
73 3.709526
74 3.743440
75 3.706575
76 3.645172
77 3.550158
78 3.731586
79 3.670472
80 3.650493
81 3.707237
82 3.711839
83 3.627643
84 3.641973
85 3.609138
86 3.749574
87 3.730640
88 3.724798
89 3.750976
90 3.790684
91 3.731113
92 3.766404
93 3.773193
94 3.723369
95 3.651942
96 3.706233
97 3.781410
98 3.678160
99 3.635153
